 108.00  58.00 114.00  36.00  16.00  61.00 121.00  16.50  48.00 110.00  58.50  38.00  52.50  54.50 113.00  33.50  51.00   1.00  45.00  26.00  38.00 112.00  28.50  82.00  23.00  26.00 117.00  59.00  99.00  18.00  24.50  16.00  97.00  47.00   7.50 115.00  38.00  93.00  71.00  33.00  89.00  38.50  18.00  77.00  19.00  57.00   5.00  26.00  76.00   5.50  44.50  48.00  18.50   7.00  79.00 104.00  43.00  86.00
  81.00   5.00  12.00  75.00  45.00 114.00  54.00   2.50  60.50  21.50 106.00  39.50 110.00  29.00   6.50  56.00  85.00   3.00  12.00   0.50  10.50  49.50  61.00  53.00  52.50  45.50 106.00  54.00  24.00   3.00  28.50  34.50  83.00  69.00 100.00  30.00  50.50  33.00  36.50  29.00 101.00  74.00   5.50 109.00  50.00  53.00  59.50 105.00  45.00  53.50  43.00   5.00  44.00  15.50  24.00  11.00  62.00  50.50
  22.50 101.00  16.50  26.00  28.00  75.00  46.50  58.00  15.00  39.50  28.00  19.00  91.00   8.00   2.00  57.00 104.00  37.50  40.50  18.50  19.50  24.00 109.00 103.00  16.00  51.00  94.00  36.00  11.50  78.00  31.50  43.00  80.00  95.00   3.00  57.00  57.00  90.00  29.50  46.00  50.50  13.00  95.00  16.00  15.00  88.00  20.50   1.00  59.50  66.00  81.00 120.00  61.00  94.00   1.50 119.00  80.00 113.00
   7.00  82.00  55.00   4.00  59.00  17.00   6.00  22.00  23.00  48.00  12.00  50.50  75.00  74.00  30.00  37.00   6.50 108.00  57.00 121.00  54.00  14.50  41.00   7.00  49.00 111.00  16.00  54.50  68.00   0.50 116.00 117.00  26.00   7.00 110.00  63.00  10.00  36.00  43.50  17.50  51.50   3.50   4.00  16.00  74.00  49.50  98.00   9.00   8.00  52.50  55.00  79.00  77.00 111.00  59.00   0.50 114.00  20.00
  39.00  17.00  59.00  17.00  99.00  16.00  21.50  43.00  46.50  35.00  39.00  10.50 122.00 102.00  11.00  61.00  49.00  23.50  15.00   5.50  23.00  25.00  50.00  52.00  48.00  10.00  19.00  96.00  39.50  29.00  11.50   0.50  37.00  26.00  15.00  49.50  78.00  25.00  27.50  60.00  30.00  13.00  10.00 116.00   3.00   6.00  57.50 119.00  28.00  48.00  39.00   3.00  23.50  60.50  19.50  68.00  62.00 112.00
   7.00  59.00  38.00  54.00  51.00  35.00  55.50  47.50  39.00  98.00  42.00  78.00   0.00  31.00  49.50  25.00  55.00  27.00  74.00  33.50  49.00 108.00  74.00  10.50  55.00  39.00  50.00  93.00  11.00  48.50  55.00  19.50  95.00  32.00  80.00  18.50  69.00  46.50  44.00  49.50   9.00  53.00  56.00  45.00  48.00  99.00  29.50   8.00  52.50  41.00  28.00  32.50  76.00   1.00  27.00  47.00  16.00  20.00
  36.50   9.00  80.00 121.00  54.00   2.00  32.00  39.50  18.00  42.00  25.00  47.00 103.00  19.00  62.00  89.00   5.00  42.00   2.50  95.00  99.00  76.00  20.50  53.00   7.00  46.50  96.00  17.00   1.00  13.00  45.00   2.50  10.50  15.50  71.00  56.50  87.00  38.00  47.50  30.00   4.00  43.50   9.00  54.00   5.50  19.00  54.00  18.50  86.00  45.00  49.50   0.50  32.00  27.00  38.00  99.00  60.50   1.00
   7.00  10.50  53.50   2.50  11.00  59.00  63.00  33.00  33.50  99.00  24.00   6.00  55.00  87.00   9.00   8.50  41.50 116.00  57.00  57.00  21.00   3.00  56.00   3.00  52.00  76.00  47.00 106.00  44.00   8.00 112.00  32.00  35.00  23.50  32.00   8.50  38.00  60.00   6.50  26.00  77.00  50.00  88.00  51.00  25.00  29.00  56.50  18.00  57.50   1.50  41.00  40.00  39.00  51.00 101.00  31.00  19.00   3.00
 109.00  64.00  85.00  26.50   7.00 119.00  15.00  19.50  30.00 106.00  75.00  10.00  53.00  41.50  13.00   6.00  58.50  64.00  35.00  19.00  26.50  40.00  21.00  14.00   3.00  25.50  40.00  13.00  51.50   3.00  19.50  19.00   4.00   9.00   3.00 118.00 121.00   5.00  56.50  55.00  50.00   6.00  40.00  19.00  15.50  40.50  62.00  56.50 107.00  10.00  51.00   0.50  36.50  11.00   9.00   3.00  18.00  59.00
 108.00  60.00 115.00 107.00  31.00 101.00  39.00  60.00 100.00  25.00  17.00  49.00  32.00  44.00   6.00  19.00  48.50  71.00  12.50  30.00  25.50  79.00 110.00  83.00  34.00  10.50  52.00  72.00 100.00   0.50  72.00  36.50  54.00  50.50  44.00   9.00  63.00  18.00 117.00  58.00  24.50  63.00   9.00   8.50   4.00 106.00  86.00  71.00  73.00   5.00  50.50  90.00  27.50  29.00  11.00  67.00 101.00  89.00
  56.00  71.00  44.00   1.50  68.00  93.00  16.00 100.00  15.50  35.00  99.00  15.00  75.00   1.00  28.00  16.50  44.50  46.00  59.00  17.50  46.50  38.00  29.00  69.00  31.00  24.50  28.50  21.50  63.00  24.00   9.50  93.00  52.00  12.50  48.00  41.00  61.00  58.50  22.00  47.00  40.50   0.50  66.00  20.00  41.00  22.00   2.00  36.50  22.50  14.50  72.00  56.00  57.00   1.00  19.00  89.00  41.00   8.00
  43.00  45.50  34.00  43.00  91.00   7.00  66.00  11.50  10.00  48.00  21.00  67.00  29.50   1.00   9.50  11.50  10.50  68.00  49.00   6.50  11.50  11.50   0.50  56.50  37.00  58.50   0.00   1.50  16.00  43.00  53.00  21.00 101.00  81.00  10.50  56.00  11.00   6.00  14.00  56.00  69.00  37.00  58.00  48.00  30.00  58.50  32.00  37.00   1.00 108.00  83.00  44.00  59.00  55.00  97.00  67.00  17.50  44.00
  48.50  42.00  21.00  60.00  87.00   0.00  42.00  33.50   1.50  95.00  36.00  12.00  47.00  46.00   1.00 112.00   2.00  71.00  20.00  24.50  30.50   4.00  26.00  15.50  35.00  38.00  69.00  17.50  22.00  47.00 106.00  70.00  64.00  46.00  43.00  28.00  43.50  44.00  33.00  54.50  56.00  66.00 111.00  44.50   9.50  25.00  33.00   3.00  57.00  54.50   1.00  21.00  97.00   5.00  40.00  32.00   4.00   9.50
  16.00  27.50  79.00  37.00   6.00  93.00  36.00  24.00 109.00   1.00  22.50  65.00 120.00  15.00  21.00  42.50  40.00  39.50  69.00   0.00  48.00  35.00  31.00  42.00  13.00  75.00   3.50  83.00 110.00   9.00  86.00  22.00  63.00  40.00  26.50  63.00  27.50  51.50  60.00 114.00  43.00  14.00  43.00  95.00  52.00  83.00  88.00   5.50 106.00  15.00   7.00  50.50  82.00  56.00   9.00  24.50  31.50  57.00
  53.00   8.50  64.00  79.00   4.00  41.00  75.00  14.50 120.00  37.00  72.00 112.00   8.00  37.00  24.00  11.00  19.00  90.00  25.00  36.50  44.00  64.00  46.50  60.50  73.00 117.00  71.00  24.00 105.00  36.50 106.00   8.00  58.00  26.50  53.00  12.50  35.50   7.00  51.50  47.00  16.00  17.00  12.50  45.00 105.00  13.00  26.50   5.00  49.00  36.50  51.00  12.00  35.00  80.00  82.00  43.00  29.00  53.50
   5.50  42.50  45.00  38.50  92.00  59.00  23.00  67.00  32.50  41.00  65.00  52.00  43.00  44.00  56.00  34.00  24.00  79.00   7.00  56.00  53.00  44.00   6.00  86.00  29.00  40.50  48.00   2.00   5.50  31.00  16.50  22.50  27.50  11.00 114.00 107.00   9.50  41.00  11.00  56.50  77.00  49.50   1.50   4.50   4.00  37.50  36.50 114.00  44.00  43.00   6.00  49.50 111.00   7.00  17.00  47.50  87.00  29.00
  59.00  61.00  51.00  44.00  70.00  13.00  45.50  32.00  61.00  43.00  82.00  51.50  30.00  86.00  34.00  18.00  82.00  26.00  45.00   8.00 102.00  80.00  19.00  60.00  64.00  55.00  13.00  43.00  55.00 109.00  28.00  16.00   1.00  94.00  66.00  12.50  54.00   8.00 118.00   8.00   6.50  10.00  37.00  13.50 105.00  33.00 101.00  19.00  54.00  40.50  56.00  69.00   0.50   3.00 113.00  17.50  51.00  75.00
  53.50  28.50  38.50  98.00  52.50  54.00  53.00  15.00  51.00  26.50  27.00  10.00   9.00  91.00  14.00  58.00   6.50  37.00  28.00 120.00  10.50  16.00  26.00 101.00  43.00  27.00  27.50   7.50  23.00  66.00  47.00   6.00  21.00  17.00  75.00  86.00  23.50  46.00  59.50  49.50   5.00  24.50   9.00  27.50  17.00   9.00  12.00   5.50  51.00  31.00  47.50  16.00  20.00  98.00  51.50  99.00  24.50  29.00
  45.00  32.00 109.00  18.50  11.00   1.50  39.00  31.00   5.00 113.00   6.00  27.00   3.00   8.00  36.00  65.00  13.00  32.50 106.00  26.00  43.50   0.00  27.00   3.00  17.00  85.00  23.50  91.00  40.00  17.50  33.50  12.50  57.00  43.00  23.00  35.00  58.00  22.00  52.00  23.00  16.00   3.00  71.00  49.50 112.00  45.00  87.00  48.00  26.00  10.00  38.00  41.00  33.00  44.00  88.00  12.00  21.00  40.50
 106.00  52.00  52.00  28.00   9.00  22.00  13.00  89.00  52.00   3.50  46.00 107.00  75.00  93.00  25.50  92.00  29.00 117.00  72.00  28.00 117.00  83.00  15.00   1.50  29.00  51.00  26.00  96.00   6.50  60.00  17.00   9.50  27.00  68.00  49.00  30.00  21.00  59.50  34.50  83.00  93.00  30.50  44.50   3.00  18.00  54.50  12.00  27.00  61.00  49.50  27.00  46.00  44.00  30.00   4.00  19.50   7.00  25.00
   4.50  87.00  36.00  22.00  14.00  27.50  37.00   3.00  34.00  68.00  12.50  40.00  56.50  60.00  13.00  62.00 104.00  41.50 108.00  41.50  77.00 120.00  18.50  54.50  19.00 114.00 120.00  13.00  54.50  13.00  35.00  19.00  59.50   6.00  32.00   9.00   6.00  22.00   0.50  38.00   4.00  27.50  30.50   4.00  38.50 119.00  22.00  14.00  55.00  48.00  51.00  47.50 121.00  50.00  19.00  17.00  63.00  35.50
   0.50  69.00  45.00  82.00   0.00  85.00  57.50   9.00   1.00  38.00  26.50  40.00  34.50  31.50  56.00  15.50  33.00  68.00  87.00  16.00  27.00 120.00   3.00 113.00  57.00  40.00  90.00  55.00 112.00  39.50  96.00   9.50  57.00  10.00  49.50  32.00  73.00  36.50  32.00  58.00  57.00  40.00   7.50  58.50  57.50  20.00   0.00   8.00  84.00  51.00  56.50 113.00  18.00  78.00  46.00  22.00  45.50  84.00
  56.00  29.00 106.00  67.00  21.00  88.00  42.50  41.50  57.00  35.00  47.00   1.50  16.50  47.50  61.00 115.00  36.00  88.00  12.00  60.50   3.50  71.00  14.00  32.50  21.00  86.00  25.50  74.00 110.00  49.00  33.50  36.00  35.00   5.50   8.00   2.50 102.00 109.00  82.00  61.00 111.00  60.00  33.00  90.00  79.00  27.00 100.00  20.00  57.50  58.00  33.00   7.00 117.00  69.00  24.00  80.00  33.00  21.00
  54.00   2.00  40.50  44.00  31.50  24.50  31.00  24.00  18.00  37.00  31.00  97.00  47.00  67.00  47.50  89.00  53.00  14.50  68.00  76.00  16.00   9.50  34.00  52.50  79.00  44.00  58.50  85.00  26.00  30.00 109.00  60.00  94.00 101.00  91.00  43.00  24.50  56.00 117.00  54.00  25.00 103.00   3.00  56.50  45.00   2.00  74.00   6.50  37.50  89.00  56.50  47.50  48.00  39.00  24.00  57.00  79.00  20.00
  59.00  48.00  31.00  55.50  36.50  18.00  39.00  38.00  16.00   0.50  17.00 116.00   5.00  73.00 114.00   3.00  12.50   3.50  78.00   9.00   9.50 106.00  59.00  28.00  52.50  62.00  65.00  44.00  45.00 103.00  15.00  66.00  36.00  57.50  23.00  35.00  19.50  73.00  94.00  16.00  71.00  50.00  59.50   6.00   2.00   2.00  37.50  84.00  17.00  54.00  77.00  23.00   3.00  91.00  10.00   7.50  31.00  50.00
  53.00  54.00  40.00  35.50   4.00  77.00  22.50  24.50  16.50  38.00 100.00  60.00  55.50  72.00  56.00  54.00  29.50  27.00  21.00  22.00 109.00  48.50  51.00  20.50  16.00  11.00  49.50  55.00  61.00  36.50  46.50  24.50  38.50  87.00  38.00   5.00 102.00  27.50   0.00  24.00  39.00   1.50  36.50  64.00  17.50  51.50  46.00  26.50  64.00   1.00  56.00  64.00  82.00  26.50  14.50  12.00   4.00  35.50
 102.00  49.00  24.00  24.00  25.00  60.00  33.00  49.00  46.00   3.50   7.50  33.00  23.00  51.00  39.00  22.00  32.00   6.00  47.00  54.00  56.00  20.00  42.50  61.00   2.00  38.50  78.00  56.50  28.00  54.00  60.00  24.00  83.00  50.00  41.00   1.00  90.00  50.50 107.00   5.50  39.00 117.00  13.00  31.50  90.00  25.50  11.00  52.00  78.00  18.00  60.00  60.50  67.00  89.00  61.00  77.00  94.00  14.50
  99.00  97.00  64.00  53.00   9.50   3.00  46.00  56.50  12.00 113.00 100.00   5.00   6.00  29.00  44.50 119.00 108.00  25.00  16.50  19.00  58.00  27.50  19.50  46.00  34.00  49.00  29.00  20.00  23.50   8.00  32.00 114.00 121.00  53.50  97.00  50.00   1.50  87.00  11.50  36.50  85.00  90.00  91.00  50.50  30.00  18.00  20.00  56.00  43.00  19.50  34.50  37.50  37.00  34.00  33.50   1.50  47.00  46.50
  21.00  68.00  61.00  24.00  66.00   4.00  29.00  29.00  75.00  26.50  54.50  98.00  97.00   1.00  60.00  50.50 115.00 112.00  30.00  17.00  13.50  55.50  14.50  19.00  57.00  27.50 106.00   4.50 100.00   9.00  23.50  78.00  19.00  52.00  83.00   5.50 109.00  49.00  30.00  42.00  13.00  91.00  12.00  51.50  55.00  28.00 118.00  14.50  48.50 101.00 104.00   5.50  11.00  40.00  88.00 122.00  94.00  64.00
  31.00   3.00 105.00   3.00  80.00  47.00  11.00  44.50  38.00  89.00  31.00   3.00  24.00  38.50 119.00  49.50  35.50  14.00  50.00  59.00  31.50  42.00  94.00  69.00  16.00 107.00  33.00   0.50  83.00   1.50  45.00  51.00  31.00  99.00  63.00  32.00   2.00  29.00  39.50  21.50  28.00  67.00   5.00  13.00  57.00  28.50  69.00 107.00  53.50  68.00  51.50  35.50  51.00  17.00  13.50  52.50  38.00  25.00
  44.50  41.50  35.50  75.00 111.00  16.50  12.00   6.00  41.50  99.00  55.50 111.00  40.00  79.00  25.00  55.50  36.00  47.50  47.00  55.50  18.00  25.50  23.00  98.00  55.00  27.00  46.00 109.00  31.50  93.00 118.00   3.00  89.00  54.00  55.50  34.00   3.00  31.00  55.00 103.00  45.50   4.50  37.50  34.50  20.00  46.00  38.00  55.00  42.00 106.00  50.00  57.50 102.00  55.00  45.50 105.00  28.00  17.00
  80.00   5.00  37.00  42.00  29.00  45.50  37.00  14.00  52.50  36.00  60.00  39.50  61.00  83.00  68.00 101.00  44.00  16.50  59.00  96.00  64.00  39.00  47.00  32.50  33.00 111.00  77.00  18.00  58.00   6.50  29.50  96.00  42.00  47.00  77.00  32.00  11.00   1.00  15.00 103.00   5.50  18.50  46.50  51.50  37.50  44.00  90.00  29.50  36.00  97.00  23.00  31.00  28.00   7.00 122.00  90.00  57.00 121.00
   2.50 109.00 110.00  50.50  42.00  28.00  79.00  52.00  20.50  60.00 115.00  46.00  82.00  44.00  60.00  46.50  36.50  80.00  41.50  40.50  86.00  33.00  57.00  63.00  94.00   5.50   0.00  14.00 104.00 107.00  55.00  56.50   6.00  19.00  12.50  32.00  52.50   2.50  59.00   1.00  46.00  23.00  54.50  21.00  52.50  33.00  33.00  54.00  12.00  40.50  24.00  36.00  58.50 116.00 113.00  84.00  24.00  46.00
  26.00  25.00  45.50   3.00  91.00  81.00  37.50  88.00  10.00  56.00  33.50  28.00  13.00  15.00  28.50   7.50  25.50  42.00  24.00  21.00  99.00  20.50 101.00  33.00  19.00  15.00  16.00  15.00  53.50  58.00  91.00 121.00  28.50 119.00  44.00  44.00  54.00 120.00  31.50  45.00  18.00 114.00 119.00  52.00  14.00  28.00  50.00  36.50   8.00   8.00  15.00  82.00  58.50 106.00  21.50 116.00  50.00  44.50
   2.00  11.50  59.00 113.00   6.00  60.00  28.00  52.50  41.50  17.00  41.50  38.50  34.50  11.00   1.50   8.00   3.00  49.00  35.00 116.00  13.00   3.50  23.00  36.00  14.00  18.00  99.00   3.00  39.50  14.50 105.00  21.00  29.50   4.50  57.00   4.00  49.00  52.00  22.50  58.00  78.00  75.00  56.00  16.00  58.00  22.50   3.00  26.00  52.00   4.00  49.50  50.00  70.00  16.00  19.50  33.00   0.00  52.50
  32.00  55.50  44.00  55.00  22.50  72.00   8.00  26.00  43.00  45.50  36.50   6.00  57.00  25.00  55.00  17.00   8.50  45.50  45.00  33.50  37.00  93.00  16.00  48.00  44.00 119.00  18.50   9.00  41.00  38.00  61.00  75.00  19.00  41.00   1.50  21.00  11.00   6.50  90.00  67.00  56.00   8.00  57.00  41.00 101.00  50.50  36.50  58.00  10.00   9.50   6.00  41.50  44.00  54.50  26.00  47.00   0.00  43.00
  37.00  37.50  25.50   2.50  28.00   6.50  55.00  26.00  72.00  20.50  18.50  17.00  59.50  43.00  18.50   2.50  97.00  13.00  27.00   3.00  30.50 105.00  19.50  63.00  51.00  25.00  32.00  21.50   9.00  15.00  63.00  48.00  31.00  10.50  40.00  40.50  58.50   9.00  55.00  57.00   0.50   9.50 118.00  84.00  24.50  93.00  28.50  32.00  57.00  92.00  69.00  65.00  34.00  48.00  13.00  40.00  26.00  36.00
  16.00   7.00  67.00  24.00  11.00  80.00  16.00 116.00  55.00  35.00  83.00  17.00  15.00  59.00 117.00  22.00  29.50  93.00  39.00  41.50  24.00  74.00  50.00  60.00  92.00  69.00  43.00  21.00  39.50  97.00  21.50 110.00   4.00  40.00 102.00  15.00  87.00  22.50  93.00  27.50  96.00  30.00  52.00 115.00   8.00  83.00  30.00  75.00  34.00  21.00  32.00  26.00  12.00  29.00  33.50  41.00  12.00  59.50
 103.00  19.00  38.00  49.50  92.00  60.00  61.00  56.50  56.00  59.50 122.00  92.00  30.00  86.00  62.00  44.00  39.00  17.00  12.50  44.50 121.00  22.00  74.00  20.00  29.00  29.00  63.00 100.00  58.50  49.50  24.00   7.00  15.00   0.50  64.00  80.00  33.50  49.00  67.00  29.00  61.00  93.00  30.00  45.00  46.00  31.00  11.00  57.00  25.50  61.00  58.50  35.00 118.00 114.00  91.00  54.00  30.00   4.00
  40.50  36.00   0.00  37.00  57.50  25.50  37.00   8.50  59.00   5.00  90.00  25.00  33.00  17.50  53.50  27.50  86.00  44.00  11.50 109.00  32.50  39.50 110.00  32.00  59.00  92.00   7.00  23.50  32.00  41.50  60.00  29.50 115.00  96.00  79.00  50.00   0.50  46.00  26.50   0.00  52.00  16.00  46.00  21.00  92.00  47.00  54.00  22.00  23.00  41.00 114.00  66.00  43.50  21.00  52.00  22.00  31.00  26.00
  70.00 121.00  15.00  38.00 102.00  29.00  23.50  62.00 118.00  60.00  18.00  35.50  64.00  35.50 111.00 121.00  47.50  49.50  60.00  48.00  53.00  44.00  58.00  18.50  54.00   9.50   2.00  24.50  51.50  24.50  52.00 111.00 104.00  52.00  80.00  56.00  40.00  24.00  58.00  56.50   4.00 102.00 112.00  35.00 105.00   4.00  57.50 118.00  28.00  87.00  45.00  99.00  25.00  12.50  27.00   5.00   0.00  42.00
  47.00  13.00  36.00  53.00  38.00  55.00  17.00   7.00  16.50  56.50   3.00   2.00  50.00  92.00   3.00  49.00  27.00  29.50  11.00  14.00  60.50  28.00   2.00  40.00 106.00  76.00  95.00  39.00   8.50  35.50  35.50  60.00  14.00   2.00 113.00  91.00  42.50   5.00  51.00  18.00  31.00  48.00  82.00  87.00  59.50   5.50   4.50   7.50  61.00  84.00   7.00 117.00 121.00  77.00  41.00  40.00  84.00  52.00
  11.00  43.00  24.00   5.50  25.50   5.00  50.00  18.50  28.50  40.50  29.00  39.50  39.00   5.00  59.50  36.50   8.50   4.50   3.00  60.50  15.00 114.00 111.00 104.00  11.00  55.00  13.00  70.00  42.50  54.50  54.50  81.00  14.50  95.00  20.00  45.00  22.00   9.50   8.00  26.00 107.00  88.00  62.00  24.00  89.00  23.00  43.00  59.50  34.00  46.00 102.00  41.00   3.00   9.00  65.00   2.00 111.00 113.00
  62.00  33.00  60.00  55.00  45.00 110.00  19.00  48.50  43.50  31.50  56.50  42.00  87.00  11.50  30.00  38.00   3.50  13.50  39.50  28.50  87.00 100.00  42.50 119.00 112.00  12.00  41.00  46.00  57.50  29.00  27.00   9.00  75.00  12.00  37.00  76.00  45.00  40.50  49.00   5.00  32.00 119.00  49.00  14.00  61.00  29.50  34.00  18.00  80.00  44.00 120.00  92.00   0.00  20.00  80.00  96.00  21.00  49.50
  30.00   7.00 122.00  40.50  12.00  96.00  12.00  72.00  23.00  32.50  10.00   4.00  75.00  27.50  39.50  44.00  21.50   9.00  54.50  45.50 108.00   6.00  35.00  33.00  74.00  43.00  10.00  23.00  14.00  39.50  21.00  35.00  59.00 101.00  34.00  33.00   0.00  53.00  27.00 113.00  37.00  62.00 102.00   6.00  32.50  40.00  43.50  40.50  54.00  12.00  59.00  56.00  33.00  26.50  92.00  25.00  84.00  54.00
  32.50   2.00  81.00 107.00  15.00 111.00  99.00  20.00  49.50 104.00  56.00  38.00  55.00  61.00  32.00  53.50  69.00   3.00 106.00  10.50   3.50  55.00   8.50  66.00  17.50 115.00   5.00  88.00  30.00  43.00  52.00  56.50  19.00   7.00  17.00  80.00  30.00  26.00  47.00  94.00  11.00  61.00  67.00 115.00  21.00   0.50   4.00 103.00  59.00  25.50  99.00  88.00  66.00  20.00  49.50  43.50  10.00  17.00
 107.00  65.00  18.00  89.00  12.00  49.00  47.00  27.00 102.00  13.00  82.00  40.00  70.00  18.00  87.00  84.00  33.00  21.50 119.00  39.00  79.00   5.50  70.00  13.50  90.00  20.00  25.50   1.00  15.50  26.50  61.00  79.00  26.00  88.00  72.00  42.00 113.00  93.00  52.00  31.50  15.00  45.50  67.00  49.00  80.00 105.00  45.50  27.00  79.00  90.00  60.00  11.00 116.00  67.00 110.00  63.00  34.50  23.00
  36.00  13.00  57.00  35.00  23.00  40.00   5.50  40.00  40.00  91.00  18.00  29.00  41.00  56.00  29.00  52.00 103.00  12.00  30.50  46.00  42.50  41.00  59.00 121.00 114.00  15.50  43.00  58.00  97.00  28.00  81.00  11.00  16.50  36.50 112.00  31.50  86.00 109.00  11.00  35.00  32.00  51.00  57.00  64.00  76.00  89.00  40.00  47.50  25.50  70.00  28.00  49.00  45.00  44.00  14.50  84.00  34.50  20.50
   4.00 122.00  28.00  43.50  77.00  77.00  23.50  32.00   5.00  47.00  47.00  40.50  57.50  81.00  37.00  38.00  60.00  45.50  18.50   2.00  40.50 110.00  32.00  46.50  37.00  25.00  44.50   2.00  17.00 106.00  16.00   2.50  16.00  21.50  35.00  27.00  48.00  10.50  36.00  16.00  80.00  45.00  64.00  29.00  15.00  36.50  68.00  42.00  59.00  35.00  61.00  32.00  30.00   0.50  49.50  54.00  72.00  10.00
  34.50  96.00  22.00  27.00  57.50  42.50  14.50   4.00 118.00  46.00   9.50  95.00  20.50  55.00  47.00  75.00   8.00  57.00 118.00  78.00  22.00  26.00  94.00   4.50  31.50 105.00  55.00  42.00  93.00  27.50 114.00  27.00  36.50  22.00  20.50  13.50  43.00  51.50  51.00  33.00  77.00  24.00  24.00  20.00   8.50  10.50  49.50  29.00  14.00  48.50  40.00  78.00  44.00  36.00  16.00  36.00  55.00  24.50
  69.00  58.50 112.00  34.50  29.00  19.00 106.00  41.50  45.00  11.00  22.00   7.00  79.00  36.00  71.00  27.00  51.50  59.00   0.00  16.00  14.00  36.50 106.00  28.00 116.00  54.00 114.00   8.00  51.50  10.00  97.00  18.00  88.00  67.00  80.00  15.00   5.00  29.00   9.00  42.50 120.00  76.00  51.50  77.00  54.00  79.00 121.00  37.50  31.00  44.50  43.00  47.00  30.00  31.50  30.00  30.00  42.50  19.00
   7.00  19.50  33.00  41.00  15.00 119.00  78.00   4.00 101.00 113.00  35.00  38.50  41.00  47.50  10.50  91.00  12.00  31.50  45.00  55.00  18.00   2.50  33.00  49.00  59.00 102.00  47.00   5.50  58.00  44.50  42.00  53.50  53.50  94.00   5.00  26.00  32.00  83.00  21.50  55.00  11.50 119.00  17.00  60.50  73.00 113.00 110.00  55.00  23.50  18.00  61.00 118.00  36.00  98.00   9.00  60.00   5.00  63.00
  27.00  23.00  66.00  56.00  60.00  56.00 102.00  40.00  10.00  53.00  23.00   2.50 106.00  20.00  55.00  24.50 117.00   0.00   8.00  49.00   9.00  55.00 113.00  76.00  64.00  14.00  43.00  43.00  22.00   0.00  93.00  19.00  36.00  14.00  19.00 114.00  54.00  15.50  15.00   2.00  42.00  60.50  27.00   6.50  16.00  58.00  93.00  11.00  53.00  35.50  73.00  26.00  64.00  15.50  39.00  49.00  53.00  37.50
  34.50  36.00 108.00  19.00  51.00  18.00   6.00  20.00  96.00  34.00  68.00  80.00  37.00   5.00  34.50  60.00  50.00  12.00  27.00  16.00  36.50  31.50  50.00  67.00 109.00  55.50  60.00  23.00   7.00  37.00  32.00   5.00  10.00  39.00  67.00   8.00  46.50  47.00  44.50  17.00  36.00   5.00   1.00  45.50  21.00  23.00  64.00   9.00  44.00  97.00 117.00  44.50  34.00  33.00  32.00   2.00  84.00   4.50
  42.50  27.50 119.00  51.00  29.00   4.00  59.00  52.00  48.00 119.00  50.00 108.00  27.00  16.00 109.00  66.00   3.00   8.50   9.50  13.50  97.00  25.00  80.00  20.00  46.00  88.00  20.00  30.00   4.00 120.00  51.00   7.00  27.00  32.00 107.00  12.00  78.00   2.00 120.00  23.50  42.00  22.50  17.00  39.00  28.50  37.00   5.00  93.00  99.00  14.50  40.50  21.00  46.50  36.00  40.50  16.50  40.50  29.00
  30.50  20.00  39.00  12.00 106.00  10.50  21.50  51.00  14.00  61.00  87.00   6.50  12.50  35.00  90.00  32.00  32.00  76.00  87.00  80.00  37.50  96.00  27.50   1.00  15.00  34.50   0.50  17.00  54.00  42.00  12.00   1.00  30.00  55.50 103.00 116.00  36.00 101.00  11.00 109.00  56.50 120.00  17.00  53.00  40.00  28.50  57.00  23.50  51.00  55.50  34.00  64.00  15.50  48.00  61.00  45.50 101.00  19.00
  20.50  58.00  41.00  65.00  22.00  50.00  32.50  38.50  12.50  87.00  61.00  67.00  87.00  93.00  26.00  31.00 105.00   9.50 104.00  25.00  42.00  39.50  22.50  57.00  47.00   4.00  21.00  19.00  40.00  11.00   6.50 111.00  59.50  87.00  55.50  34.00  25.50  72.00 102.00   1.50  34.00  60.00   7.00  54.50  24.00  24.50  34.50 108.00  53.00  19.50   5.00  60.50  52.00  13.00  17.00  11.00  46.00  32.00
  14.50  62.00  45.00  27.50 107.00  17.50  14.00  22.00  21.50  86.00  48.50  54.00  28.00  40.50  28.50   7.50  19.00 114.00  30.00  55.00   7.50  83.00  61.00  28.50  65.00  27.50  99.00  72.00  30.50   5.50  48.00  98.00  90.00  59.50  94.00  31.00  49.00  45.00  85.00  57.50  28.00  18.00  64.00 117.00   2.50 103.00  17.50 106.00  31.00  70.00  35.00  17.00  63.00  41.50  61.00   3.00   4.00  45.00
